11373
25595
19903
16509
12646
9914
9831
16325
780
11688
28203
16940
26526
10073
7910
4775
21699
15301
25212
27661
9283
7849
4520
4722
5426
29790
23336
7563
14503
5444
11175
400
11899
5988
4599
14073
10237
16163
14568
16878
27181
20866
12595
25251
124
19977
7568
17450
25275
14529
4243
13339
6646
6072
19718
2518
18537
29934
15655
9946
6917
16769
2755
4157
27323
19761
8752
27866
29171
15249
25486
20714
18353
28112
18736
22930
16675
22748
15504
12516
26340
27504
27583
17396
6630
24135
24836
24648
5516
12525
23115
506
5398
2891
10927
19088
27482
6600
21901
6048